###Paletas de cores

#Paleta 2 - Seq. Positiva
paleta2 <- c("#0E2824", "#1B5149", "#29796D" , "#36A191" ,
             "#86C7BD", "#D7ECE9", "#C72487")

#Paleta 3 - Seq. Neutra
paleta3 <- c("#071D41",
             "#284067",
             "#1351B4",
             "#2670E8",
             "#5992ED",
             "#C5D4EB",
             "#C72487"
             
)
#Paleta 4 - Seq. Negativa
paleta4 <- 
  c(
    "#2B081D",
    "#56103A",
    "#971C66",
    "#C72487",
    "#E368B2",
    "#F3BEDE",
    "#2670E8"
  )


#Paleta 5 - Divergente Polarizada
paleta5 <- 
  c(
    "#1351B4",
    "#2670E8",
    "#5992ED",
    "#6D8CE5",
    "#86C7BD",
    "#8086DC",
    "#CCCCCC",
    "#A87ACB",
    "#BC74C3",
    "#CF6EBA",
    "#E368B2",
    "#C72487",
    "#971C66"
  )

#Paleta 6 - Divergente Neutra
paleta6 <- 
  c(
    "#1351B4",
    "#2670E8",
    "#5992ED",
    "#5494E0",
    "#4F96D3",
    "#4A98C6",
    "#CCCCCC",
    "#459BB8",
    "#409DAB",
    "#3B9F9E",
    "#36A191",
    "#29796D",
    "#1B5149"
  )
#Paleta 7 - Categórica
paleta7 <- 
  c("#86C7BD","#2670E8","#E368B2","#FFCD07","#5992ED","#F6B3B3",
    "#36A191","#C72487","#FBBA00","#1351B4","#F08080","#29796D")